28732	0.0000000363
28864	0.0000000358
27092	0.0000000356
26730	0.0000000354
4202	0.0000000351
29590	0.0000000350
5493	0.0000000350
25615	0.0000000350
2302	0.0000000346
25683	0.0000000346
28156	0.0000000345
5884	0.0000000345
7608	0.0000000344
15297	0.0000000343
2548	0.0000000343
25642	0.0000000343
25694	0.0000000342
26763	0.0000000341
9049	0.0000000341
25571	0.0000000340
25174	0.0000000339
22192	0.0000000339
26731	0.0000000338
2356	0.0000000336
12036	0.0000000336
25625	0.0000000335
1700	0.0000000335
14037	0.0000000333
24981	0.0000000333
25937	0.0000000332
14793	0.0000000331
26759	0.0000000331
240	0.0000000331
27894	0.0000000331
26764	0.0000000329
25673	0.0000000329
28946	0.0000000329
17288	0.0000000329
19585	0.0000000328
7247	0.0000000328
2729	0.0000000328
25664	0.0000000328
3556	0.0000000328
25707	0.0000000327
25595	0.0000000327
17853	0.0000000326
43555	0.0000000326
25580	0.0000000324
5204	0.0000000323
29593	0.0000000322
7836	0.0000000321
25719	0.0000000321
697	0.0000000321
20332	0.0000000320
3333	0.0000000320
29594	0.0000000320
22909	0.0000000320
29987	0.0000000320
25690	0.0000000318
50198	0.0000000318
4537	0.0000000316
14095	0.0000000316
19582	0.0000000316
18171	0.0000000316
25589	0.0000000315
4815	0.0000000315
6474	0.0000000315
29174	0.0000000315
49043	0.0000000315
44444	0.0000000314
26834	0.0000000313
26728	0.0000000313
383	0.0000000313
23857	0.0000000312
26538	0.0000000312
28446	0.0000000312
10703	0.0000000312
25671	0.0000000312
25714	0.0000000311
12515	0.0000000310
13201	0.0000000309
30141	0.0000000309
8493	0.0000000309
26737	0.0000000308
3564	0.0000000308
28637	0.0000000308
26746	0.0000000308
29167	0.0000000308
523	0.0000000307
26747	0.0000000306
29040	0.0000000306
26835	0.0000000304
10514	0.0000000303
26605	0.0000000303
13745	0.0000000303
25877	0.0000000302
15811	0.0000000302
20814	0.0000000302
11025	0.0000000302
20159	0.0000000302
423	0.0000000302
25706	0.0000000301
26803	0.0000000301
6731	0.0000000301
8041	0.0000000301
50215	0.0000000300
28748	0.0000000300
14907	0.0000000300
50163	0.0000000300
12478	0.0000000299
6353	0.0000000299
16756	0.0000000299
26775	0.0000000299
25612	0.0000000298
18606	0.0000000298
29774	0.0000000297
28391	0.0000000297
19764	0.0000000297
47366	0.0000000297
7728	0.0000000297
26732	0.0000000296
1349	0.0000000296
25631	0.0000000296
25691	0.0000000296
25713	0.0000000296
31407	0.0000000295
25669	0.0000000295
3106	0.0000000295
26784	0.0000000295
12439	0.0000000295
14886	0.0000000295
44911	0.0000000294
15457	0.0000000294
13549	0.0000000294
24822	0.0000000292
25720	0.0000000292
44065	0.0000000291
3241	0.0000000290
24010	0.0000000290
906	0.0000000290
20788	0.0000000289
26150	0.0000000288
25723	0.0000000286
17854	0.0000000286
26278	0.0000000285
24898	0.0000000285
1986	0.0000000285
26614	0.0000000284
25660	0.0000000284
20291	0.0000000284
672	0.0000000284
5039	0.0000000283
2391	0.0000000283
13425	0.0000000283
28983	0.0000000283
26680	0.0000000282
29595	0.0000000281
10604	0.0000000281
5571	0.0000000281
25668	0.0000000281
25600	0.0000000281
28527	0.0000000281
32236	0.0000000280
25238	0.0000000280
25685	0.0000000279
13260	0.0000000276
25663	0.0000000275
26311	0.0000000275
788	0.0000000274
1750	0.0000000274
12422	0.0000000272
3395	0.0000000272
6091	0.0000000271
9127	0.0000000270
25667	0.0000000270
25603	0.0000000270
25704	0.0000000269
26714	0.0000000269
25715	0.0000000269
24548	0.0000000269
26817	0.0000000269
17548	0.0000000268
21067	0.0000000268
30397	0.0000000267
25638	0.0000000266
25687	0.0000000265
25624	0.0000000265
2136	0.0000000264
6269	0.0000000264
28729	0.0000000264
7588	0.0000000264
22058	0.0000000264
4522	0.0000000262
4643	0.0000000262
18700	0.0000000262
25570	0.0000000262
9571	0.0000000260
11998	0.0000000259
4885	0.0000000259
23706	0.0000000258
26801	0.0000000258
12436	0.0000000257
25602	0.0000000257
12479	0.0000000257
26928	0.0000000257
19967	0.0000000256
29591	0.0000000256
28332	0.0000000254
26449	0.0000000254
28829	0.0000000253
25644	0.0000000253
15495	0.0000000253
32244	0.0000000251
26777	0.0000000251
25525	0.0000000251
26610	0.0000000251
25023	0.0000000250
2412	0.0000000250
8548	0.0000000248
12548	0.0000000247
25679	0.0000000247
30212	0.0000000246
43652	0.0000000245
1405	0.0000000245
25699	0.0000000243
43653	0.0000000243
25613	0.0000000242
29027	0.0000000242
303	0.0000000242
21434	0.0000000242
25572	0.0000000241
26765	0.0000000240
1232	0.0000000240
25605	0.0000000239
26783	0.0000000237
25598	0.0000000236
25640	0.0000000236
25528	0.0000000235
19288	0.0000000235
13026	0.0000000234
11201	0.0000000234
25588	0.0000000233
379	0.0000000232
19928	0.0000000232
26720	0.0000000230
25573	0.0000000229
26772	0.0000000229
13547	0.0000000226
25742	0.0000000226
422	0.0000000224
4869	0.0000000220
26145	0.0000000219
25666	0.0000000219
25695	0.0000000214
1404	0.0000000212
3522	0.0000000211
25665	0.0000000209
3619	0.0000000208
25568	0.0000000207
45460	0.0000000206
32238	0.0000000206
23766	0.0000000203
9847	0.0000000201
2095	0.0000000199
24661	0.0000000198
19557	0.0000000197
28825	0.0000000195
24616	0.0000000194
13453	0.0000000194
23473	0.0000000191
25656	0.0000000191
12379	0.0000000189
21140	0.0000000189
5042	0.0000000188
19932	0.0000000187
23707	0.0000000186
25594	0.0000000185
5429	0.0000000183
44056	0.0000000183
20741	0.0000000182
28473	0.0000000180
7253	0.0000000179
29054	0.0000000178
46926	0.0000000177
20106	0.0000000176
29592	0.0000000176
43166	0.0000000175
24668	0.0000000175
30627	0.0000000174
18948	0.0000000174
19673	0.0000000173
7933	0.0000000173
25649	0.0000000171
25670	0.0000000170
47980	0.0000000170
5548	0.0000000169
19156	0.0000000169
11698	0.0000000168
43168	0.0000000168
26721	0.0000000168
20134	0.0000000167
32245	0.0000000167
50601	0.0000000165
50600	0.0000000165
50599	0.0000000165
50598	0.0000000165
50597	0.0000000165
50593	0.0000000165
50592	0.0000000165
50591	0.0000000165
50590	0.0000000165
50589	0.0000000165
50588	0.0000000165
50587	0.0000000165
50586	0.0000000165
50585	0.0000000165
50584	0.0000000165
50583	0.0000000165
50582	0.0000000165
50581	0.0000000165
50580	0.0000000165
50579	0.0000000165
50578	0.0000000165
50577	0.0000000165
50576	0.0000000165
50575	0.0000000165
50574	0.0000000165
50573	0.0000000165
50572	0.0000000165
50571	0.0000000165
50570	0.0000000165
50569	0.0000000165
50568	0.0000000165
50567	0.0000000165
50566	0.0000000165
50565	0.0000000165
50564	0.0000000165
50563	0.0000000165
50562	0.0000000165
50561	0.0000000165
50558	0.0000000165
50557	0.0000000165
50556	0.0000000165
50555	0.0000000165
50554	0.0000000165
50551	0.0000000165
50550	0.0000000165
50549	0.0000000165
50548	0.0000000165
50547	0.0000000165
50546	0.0000000165
50545	0.0000000165
50544	0.0000000165
50543	0.0000000165
50542	0.0000000165
50541	0.0000000165
50540	0.0000000165
50539	0.0000000165
50538	0.0000000165
50537	0.0000000165
50536	0.0000000165
50535	0.0000000165
50534	0.0000000165
50533	0.0000000165
50532	0.0000000165
50531	0.0000000165
50530	0.0000000165
50529	0.0000000165
50528	0.0000000165
50527	0.0000000165
50526	0.0000000165
50525	0.0000000165
50524	0.0000000165
50523	0.0000000165
50522	0.0000000165
50521	0.0000000165
50520	0.0000000165
50519	0.0000000165
50518	0.0000000165
50517	0.0000000165
50516	0.0000000165
50515	0.0000000165
50513	0.0000000165
50512	0.0000000165
50511	0.0000000165
50510	0.0000000165
50509	0.0000000165
50508	0.0000000165
50507	0.0000000165
50506	0.0000000165
50505	0.0000000165
50504	0.0000000165
50503	0.0000000165
50502	0.0000000165
50501	0.0000000165
50500	0.0000000165
50499	0.0000000165
50498	0.0000000165
50497	0.0000000165
50496	0.0000000165
50495	0.0000000165
50494	0.0000000165
50493	0.0000000165
50492	0.0000000165
50491	0.0000000165
50490	0.0000000165
50489	0.0000000165
50488	0.0000000165
50487	0.0000000165
50486	0.0000000165
50485	0.0000000165
50484	0.0000000165
50483	0.0000000165
50482	0.0000000165
50481	0.0000000165
50480	0.0000000165
50479	0.0000000165
50477	0.0000000165
50476	0.0000000165
50475	0.0000000165
50474	0.0000000165
50473	0.0000000165
50472	0.0000000165
50471	0.0000000165
50470	0.0000000165
50469	0.0000000165
50468	0.0000000165
50467	0.0000000165
50466	0.0000000165
50465	0.0000000165
50464	0.0000000165
50463	0.0000000165
50462	0.0000000165
50461	0.0000000165
50460	0.0000000165
50459	0.0000000165
50458	0.0000000165
50457	0.0000000165
50456	0.0000000165
50455	0.0000000165
50452	0.0000000165
50430	0.0000000165
50423	0.0000000165
50417	0.0000000165
50413	0.0000000165
50410	0.0000000165
50389	0.0000000165
50388	0.0000000165
50380	0.0000000165
50369	0.0000000165
50368	0.0000000165
50367	0.0000000165
50363	0.0000000165
50362	0.0000000165
50359	0.0000000165
50358	0.0000000165
50357	0.0000000165
50356	0.0000000165
50355	0.0000000165
50354	0.0000000165
50353	0.0000000165
50352	0.0000000165
50351	0.0000000165
50350	0.0000000165
50349	0.0000000165
50346	0.0000000165
50345	0.0000000165
50344	0.0000000165
50343	0.0000000165
50340	0.0000000165
50337	0.0000000165
50330	0.0000000165
50329	0.0000000165
50328	0.0000000165
50326	0.0000000165
50324	0.0000000165
50323	0.0000000165
50322	0.0000000165
50321	0.0000000165
50320	0.0000000165
50318	0.0000000165
50317	0.0000000165
50316	0.0000000165
50315	0.0000000165
50314	0.0000000165
50313	0.0000000165
50312	0.0000000165
50311	0.0000000165
50310	0.0000000165
50309	0.0000000165
50308	0.0000000165
50307	0.0000000165
50306	0.0000000165
50305	0.0000000165
50304	0.0000000165
50303	0.0000000165
50302	0.0000000165
50301	0.0000000165
50300	0.0000000165
50299	0.0000000165
50298	0.0000000165
50297	0.0000000165
50296	0.0000000165
50295	0.0000000165
50294	0.0000000165
50293	0.0000000165
50292	0.0000000165
50291	0.0000000165
50290	0.0000000165
50289	0.0000000165
50288	0.0000000165
50287	0.0000000165
50286	0.0000000165
50285	0.0000000165
50284	0.0000000165
50283	0.0000000165
50282	0.0000000165
50281	0.0000000165
50280	0.0000000165
50279	0.0000000165
50278	0.0000000165
50277	0.0000000165
50276	0.0000000165
50275	0.0000000165
50274	0.0000000165
50273	0.0000000165
50272	0.0000000165
50271	0.0000000165
50270	0.0000000165
50269	0.0000000165
50268	0.0000000165
50267	0.0000000165
50266	0.0000000165
50265	0.0000000165
50264	0.0000000165
50263	0.0000000165
50262	0.0000000165
50261	0.0000000165
50260	0.0000000165
50259	0.0000000165
50257	0.0000000165
50256	0.0000000165
50255	0.0000000165
50254	0.0000000165
50253	0.0000000165
50252	0.0000000165
50251	0.0000000165
50250	0.0000000165
50249	0.0000000165
50248	0.0000000165
50247	0.0000000165
50246	0.0000000165
50245	0.0000000165
50244	0.0000000165
50243	0.0000000165
50242	0.0000000165
50241	0.0000000165
50240	0.0000000165
50239	0.0000000165
50238	0.0000000165
50237	0.0000000165
50236	0.0000000165
50235	0.0000000165
50234	0.0000000165
50233	0.0000000165
50232	0.0000000165
50231	0.0000000165
50230	0.0000000165
50229	0.0000000165
50228	0.0000000165
50227	0.0000000165
50226	0.0000000165
50225	0.0000000165
50224	0.0000000165
50223	0.0000000165
50222	0.0000000165
50221	0.0000000165
50220	0.0000000165
50219	0.0000000165
50218	0.0000000165
50217	0.0000000165
50216	0.0000000165
50214	0.0000000165
50213	0.0000000165
50212	0.0000000165
50211	0.0000000165
50210	0.0000000165
50209	0.0000000165
50208	0.0000000165
50206	0.0000000165
50205	0.0000000165
50204	0.0000000165
50203	0.0000000165
50202	0.0000000165
50201	0.0000000165
50200	0.0000000165
50199	0.0000000165
50197	0.0000000165
50196	0.0000000165
50195	0.0000000165
50194	0.0000000165
50193	0.0000000165
50192	0.0000000165
50191	0.0000000165
50190	0.0000000165
50189	0.0000000165
50188	0.0000000165
50187	0.0000000165
50186	0.0000000165
50185	0.0000000165
50184	0.0000000165
50183	0.0000000165
50182	0.0000000165
50180	0.0000000165
50179	0.0000000165
50178	0.0000000165
50177	0.0000000165
50176	0.0000000165
50174	0.0000000165
50173	0.0000000165
50172	0.0000000165
50171	0.0000000165
50170	0.0000000165
50169	0.0000000165
50168	0.0000000165
50167	0.0000000165
50166	0.0000000165
50165	0.0000000165
50164	0.0000000165
50162	0.0000000165
50161	0.0000000165
50160	0.0000000165
50159	0.0000000165
50158	0.0000000165
50156	0.0000000165
50155	0.0000000165
50154	0.0000000165
50153	0.0000000165
50152	0.0000000165
50151	0.0000000165
50150	0.0000000165
50149	0.0000000165
50148	0.0000000165
50147	0.0000000165
50146	0.0000000165
50145	0.0000000165
50144	0.0000000165
50143	0.0000000165
50142	0.0000000165
50141	0.0000000165
50140	0.0000000165
50139	0.0000000165
50138	0.0000000165
50137	0.0000000165
50136	0.0000000165
50135	0.0000000165
50134	0.0000000165
50133	0.0000000165
50132	0.0000000165
50131	0.0000000165
50130	0.0000000165
50129	0.0000000165
50128	0.0000000165
50127	0.0000000165
50126	0.0000000165
50125	0.0000000165
50124	0.0000000165
50123	0.0000000165
50122	0.0000000165
50120	0.0000000165
50118	0.0000000165
50117	0.0000000165
50023	0.0000000165
49983	0.0000000165
49620	0.0000000165
49373	0.0000000165
49292	0.0000000165
49128	0.0000000165
49084	0.0000000165
49076	0.0000000165
49065	0.0000000165
49064	0.0000000165
49063	0.0000000165
49062	0.0000000165
49060	0.0000000165
49059	0.0000000165
49058	0.0000000165
49057	0.0000000165
49055	0.0000000165
49053	0.0000000165
49052	0.0000000165
49049	0.0000000165
49047	0.0000000165
49046	0.0000000165
49045	0.0000000165
49044	0.0000000165
49042	0.0000000165
49041	0.0000000165
49040	0.0000000165
49039	0.0000000165
49038	0.0000000165
49037	0.0000000165
49036	0.0000000165
49035	0.0000000165
49034	0.0000000165
49030	0.0000000165
49024	0.0000000165
49021	0.0000000165
48930	0.0000000165
48858	0.0000000165
48857	0.0000000165
48816	0.0000000165
48772	0.0000000165
48581	0.0000000165
48558	0.0000000165
48555	0.0000000165
48554	0.0000000165
48544	0.0000000165
48541	0.0000000165
48520	0.0000000165
48511	0.0000000165
48437	0.0000000165
48413	0.0000000165
48386	0.0000000165
48350	0.0000000165
48331	0.0000000165
48295	0.0000000165
48271	0.0000000165
48268	0.0000000165
48257	0.0000000165
48242	0.0000000165
48216	0.0000000165
48166	0.0000000165
48161	0.0000000165
48160	0.0000000165
48153	0.0000000165
48141	0.0000000165
48054	0.0000000165
48050	0.0000000165
48034	0.0000000165
48014	0.0000000165
47977	0.0000000165
47967	0.0000000165
47966	0.0000000165
47963	0.0000000165
47962	0.0000000165
47961	0.0000000165
47956	0.0000000165
47955	0.0000000165
47954	0.0000000165
47953	0.0000000165
47952	0.0000000165
47951	0.0000000165
47950	0.0000000165
47949	0.0000000165
47947	0.0000000165
47945	0.0000000165
47944	0.0000000165
47941	0.0000000165
47940	0.0000000165
47938	0.0000000165
47928	0.0000000165
47922	0.0000000165
47914	0.0000000165
47909	0.0000000165
47908	0.0000000165
47907	0.0000000165
47905	0.0000000165
47904	0.0000000165
47899	0.0000000165
47898	0.0000000165
47896	0.0000000165
47895	0.0000000165
47894	0.0000000165
47893	0.0000000165
47890	0.0000000165
47889	0.0000000165
47888	0.0000000165
47887	0.0000000165
47885	0.0000000165
47876	0.0000000165
47873	0.0000000165
47865	0.0000000165
47864	0.0000000165
47862	0.0000000165
47860	0.0000000165
47856	0.0000000165
47853	0.0000000165
47847	0.0000000165
47845	0.0000000165
47844	0.0000000165
47841	0.0000000165
47834	0.0000000165
47831	0.0000000165
47830	0.0000000165
47829	0.0000000165
47828	0.0000000165
47827	0.0000000165
47825	0.0000000165
47824	0.0000000165
47823	0.0000000165
47822	0.0000000165
47821	0.0000000165
47818	0.0000000165
47817	0.0000000165
47816	0.0000000165
47815	0.0000000165
47813	0.0000000165
47812	0.0000000165
47811	0.0000000165
47810	0.0000000165
47808	0.0000000165
47807	0.0000000165
47806	0.0000000165
47804	0.0000000165
47801	0.0000000165
47800	0.0000000165
47799	0.0000000165
47798	0.0000000165
47796	0.0000000165
47794	0.0000000165
47791	0.0000000165
47788	0.0000000165
47787	0.0000000165
47786	0.0000000165
47785	0.0000000165
47783	0.0000000165
47782	0.0000000165
47781	0.0000000165
47779	0.0000000165
47772	0.0000000165
47771	0.0000000165
47770	0.0000000165
47767	0.0000000165
47766	0.0000000165
47762	0.0000000165
47760	0.0000000165
47758	0.0000000165
47754	0.0000000165
47753	0.0000000165
47752	0.0000000165
47740	0.0000000165
47739	0.0000000165
47734	0.0000000165
47733	0.0000000165
47728	0.0000000165
47727	0.0000000165
47725	0.0000000165
47724	0.0000000165
47723	0.0000000165
47722	0.0000000165
47716	0.0000000165
47714	0.0000000165
47710	0.0000000165
47709	0.0000000165
47707	0.0000000165
47706	0.0000000165
47705	0.0000000165
47704	0.0000000165
47703	0.0000000165
47702	0.0000000165
47701	0.0000000165
47700	0.0000000165
47699	0.0000000165
47698	0.0000000165
47697	0.0000000165
47696	0.0000000165
47692	0.0000000165
47689	0.0000000165
47685	0.0000000165
47681	0.0000000165
47678	0.0000000165
47677	0.0000000165
47676	0.0000000165
47672	0.0000000165
47669	0.0000000165
47668	0.0000000165
47666	0.0000000165
47662	0.0000000165
47661	0.0000000165
47609	0.0000000165
47506	0.0000000165
47504	0.0000000165
47498	0.0000000165
47492	0.0000000165
47491	0.0000000165
47490	0.0000000165
47489	0.0000000165
47488	0.0000000165
47483	0.0000000165
47480	0.0000000165
47479	0.0000000165
47477	0.0000000165
47475	0.0000000165
47474	0.0000000165
47466	0.0000000165
47459	0.0000000165
47458	0.0000000165
47454	0.0000000165
47451	0.0000000165
47450	0.0000000165
47447	0.0000000165
47446	0.0000000165
47445	0.0000000165
47444	0.0000000165
47443	0.0000000165
47442	0.0000000165
47441	0.0000000165
47439	0.0000000165
47432	0.0000000165
47431	0.0000000165
47430	0.0000000165
47429	0.0000000165
47428	0.0000000165
47427	0.0000000165
47425	0.0000000165
47423	0.0000000165
47422	0.0000000165
47421	0.0000000165
47420	0.0000000165
47416	0.0000000165
47414	0.0000000165
47413	0.0000000165
47411	0.0000000165
47410	0.0000000165
47407	0.0000000165
47406	0.0000000165
47401	0.0000000165
47396	0.0000000165
47395	0.0000000165
47394	0.0000000165
47393	0.0000000165
47392	0.0000000165
47387	0.0000000165
47386	0.0000000165
47385	0.0000000165
47383	0.0000000165
47382	0.0000000165
47381	0.0000000165
47378	0.0000000165
47376	0.0000000165
47375	0.0000000165
47371	0.0000000165
47364	0.0000000165
47362	0.0000000165
47358	0.0000000165
47357	0.0000000165
47356	0.0000000165
47354	0.0000000165
47352	0.0000000165
47351	0.0000000165
47350	0.0000000165
47348	0.0000000165
47347	0.0000000165
47346	0.0000000165
47345	0.0000000165
47344	0.0000000165
47343	0.0000000165
47341	0.0000000165
47338	0.0000000165
47335	0.0000000165
47334	0.0000000165
47333	0.0000000165
47330	0.0000000165
47329	0.0000000165
47328	0.0000000165
47327	0.0000000165
47326	0.0000000165
47325	0.0000000165
47324	0.0000000165
47323	0.0000000165
47321	0.0000000165
47320	0.0000000165
47319	0.0000000165
47318	0.0000000165
47317	0.0000000165
47316	0.0000000165
47314	0.0000000165
47313	0.0000000165
47312	0.0000000165
47311	0.0000000165
47310	0.0000000165
47309	0.0000000165
47307	0.0000000165
47306	0.0000000165
47305	0.0000000165
47304	0.0000000165
47301	0.0000000165
47300	0.0000000165
47299	0.0000000165
47298	0.0000000165
47297	0.0000000165
47296	0.0000000165
47295	0.0000000165
47294	0.0000000165
47293	0.0000000165
47292	0.0000000165
47291	0.0000000165
47290	0.0000000165
47289	0.0000000165
47288	0.0000000165
47287	0.0000000165
47286	0.0000000165
47285	0.0000000165
47284	0.0000000165
47283	0.0000000165
47282	0.0000000165
47281	0.0000000165
47279	0.0000000165
47278	0.0000000165
47277	0.0000000165
47276	0.0000000165
47275	0.0000000165
47274	0.0000000165
47273	0.0000000165
47272	0.0000000165
47271	0.0000000165
47270	0.0000000165
47268	0.0000000165
47266	0.0000000165
47265	0.0000000165
47264	0.0000000165
47263	0.0000000165
47262	0.0000000165
47261	0.0000000165
47260	0.0000000165
47258	0.0000000165
47256	0.0000000165
47252	0.0000000165
47251	0.0000000165
47250	0.0000000165
47249	0.0000000165
47248	0.0000000165
47239	0.0000000165
47238	0.0000000165
47236	0.0000000165
47204	0.0000000165
47168	0.0000000165
47159	0.0000000165
47158	0.0000000165
47148	0.0000000165
47145	0.0000000165
47144	0.0000000165
47143	0.0000000165
47141	0.0000000165
47136	0.0000000165
47135	0.0000000165
47134	0.0000000165
47133	0.0000000165
47132	0.0000000165
47131	0.0000000165
47130	0.0000000165
47129	0.0000000165
47116	0.0000000165
47114	0.0000000165
47109	0.0000000165
47108	0.0000000165
47093	0.0000000165
47090	0.0000000165
47075	0.0000000165
47066	0.0000000165
47062	0.0000000165
47055	0.0000000165
47053	0.0000000165
47049	0.0000000165
47048	0.0000000165
47043	0.0000000165
47041	0.0000000165
47037	0.0000000165
47035	0.0000000165
47031	0.0000000165
47029	0.0000000165
47027	0.0000000165
47026	0.0000000165
47025	0.0000000165
47024	0.0000000165
47023	0.0000000165
47022	0.0000000165
47018	0.0000000165
47017	0.0000000165
47016	0.0000000165
47014	0.0000000165
47012	0.0000000165
47011	0.0000000165
47003	0.0000000165
47002	0.0000000165
47001	0.0000000165
47000	0.0000000165
46999	0.0000000165
46998	0.0000000165
46997	0.0000000165
46995	0.0000000165
46994	0.0000000165
46993	0.0000000165
46990	0.0000000165
46989	0.0000000165
46986	0.0000000165
46985	0.0000000165
46980	0.0000000165
46975	0.0000000165
46962	0.0000000165
46960	0.0000000165
46947	0.0000000165
46946	0.0000000165
46945	0.0000000165
46943	0.0000000165
46941	0.0000000165
46940	0.0000000165
46939	0.0000000165
46938	0.0000000165
46935	0.0000000165
46933	0.0000000165
46932	0.0000000165
46931	0.0000000165
46930	0.0000000165
46929	0.0000000165
46927	0.0000000165
46925	0.0000000165
46923	0.0000000165
46922	0.0000000165
46920	0.0000000165
46919	0.0000000165
46918	0.0000000165
46917	0.0000000165
46916	0.0000000165
46915	0.0000000165
46914	0.0000000165
46913	0.0000000165
46912	0.0000000165
46911	0.0000000165
46910	0.0000000165
46909	0.0000000165
46908	0.0000000165
46907	0.0000000165
46906	0.0000000165
46905	0.0000000165
46904	0.0000000165
46903	0.0000000165
46902	0.0000000165
46901	0.0000000165
46900	0.0000000165
46899	0.0000000165
46895	0.0000000165
46894	0.0000000165
46893	0.0000000165
46892	0.0000000165
46888	0.0000000165
46887	0.0000000165
46886	0.0000000165
46885	0.0000000165
46884	0.0000000165
46882	0.0000000165
46881	0.0000000165
46880	0.0000000165
46879	0.0000000165
46878	0.0000000165
46877	0.0000000165
46876	0.0000000165
46875	0.0000000165
46873	0.0000000165
46872	0.0000000165
46869	0.0000000165
46868	0.0000000165
46867	0.0000000165
46865	0.0000000165
46861	0.0000000165
46859	0.0000000165
46858	0.0000000165
46854	0.0000000165
46849	0.0000000165
46835	0.0000000165
46834	0.0000000165
46833	0.0000000165
46832	0.0000000165
46831	0.0000000165
46830	0.0000000165
46821	0.0000000165
46820	0.0000000165
46819	0.0000000165
46818	0.0000000165
46815	0.0000000165
46814	0.0000000165
46809	0.0000000165
46808	0.0000000165
46807	0.0000000165
46804	0.0000000165
46803	0.0000000165
46798	0.0000000165
46787	0.0000000165
46784	0.0000000165
46783	0.0000000165
46762	0.0000000165
46761	0.0000000165
46719	0.0000000165
46718	0.0000000165
46717	0.0000000165
46715	0.0000000165
46713	0.0000000165
46712	0.0000000165
46711	0.0000000165
46710	0.0000000165
46709	0.0000000165
46707	0.0000000165
46706	0.0000000165
46705	0.0000000165
46704	0.0000000165
46702	0.0000000165
46701	0.0000000165
46700	0.0000000165
46699	0.0000000165
46698	0.0000000165
46697	0.0000000165
46695	0.0000000165
46694	0.0000000165
46693	0.0000000165
46692	0.0000000165
46691	0.0000000165
46672	0.0000000165
46669	0.0000000165
46664	0.0000000165
46657	0.0000000165
46654	0.0000000165
46653	0.0000000165
46650	0.0000000165
46649	0.0000000165
46646	0.0000000165
46577	0.0000000165
46556	0.0000000165
46543	0.0000000165
46340	0.0000000165
46188	0.0000000165
46064	0.0000000165
46062	0.0000000165
46053	0.0000000165
46022	0.0000000165
45912	0.0000000165
45805	0.0000000165
45796	0.0000000165
45472	0.0000000165
45456	0.0000000165
45411	0.0000000165
45390	0.0000000165
45362	0.0000000165
45324	0.0000000165
45316	0.0000000165
45216	0.0000000165
45185	0.0000000165
45146	0.0000000165
45138	0.0000000165
45078	0.0000000165
45075	0.0000000165
44915	0.0000000165
44889	0.0000000165
44785	0.0000000165
44745	0.0000000165
44744	0.0000000165
44691	0.0000000165
44654	0.0000000165
44585	0.0000000165
44545	0.0000000165
44446	0.0000000165
44439	0.0000000165
44400	0.0000000165
44378	0.0000000165
44352	0.0000000165
44343	0.0000000165
44340	0.0000000165
44248	0.0000000165
44204	0.0000000165
43932	0.0000000165
43804	0.0000000165
43763	0.0000000165
43702	0.0000000165
43602	0.0000000165
43382	0.0000000165
43316	0.0000000165
43294	0.0000000165
43231	0.0000000165
43154	0.0000000165
42889	0.0000000165
42837	0.0000000165
42832	0.0000000165
42713	0.0000000165
42692	0.0000000165
42679	0.0000000165
42288	0.0000000165
42153	0.0000000165
42111	0.0000000165
42012	0.0000000165
41968	0.0000000165
41838	0.0000000165
41635	0.0000000165
41600	0.0000000165
41592	0.0000000165
41581	0.0000000165
41517	0.0000000165
41367	0.0000000165
41311	0.0000000165
41068	0.0000000165
40908	0.0000000165
40866	0.0000000165
40750	0.0000000165
40502	0.0000000165
40194	0.0000000165
40082	0.0000000165
40075	0.0000000165
39811	0.0000000165
39712	0.0000000165
39649	0.0000000165
39413	0.0000000165
39123	0.0000000165
39038	0.0000000165
38788	0.0000000165
38699	0.0000000165
38593	0.0000000165
38526	0.0000000165
38465	0.0000000165
38397	0.0000000165
38194	0.0000000165
38179	0.0000000165
38173	0.0000000165
38110	0.0000000165
38010	0.0000000165
37980	0.0000000165
37751	0.0000000165
37631	0.0000000165
37462	0.0000000165
37352	0.0000000165
37350	0.0000000165
37327	0.0000000165
36788	0.0000000165
36591	0.0000000165
36542	0.0000000165
36328	0.0000000165
36306	0.0000000165
36274	0.0000000165
36187	0.0000000165
36132	0.0000000165
35441	0.0000000165
35352	0.0000000165
35016	0.0000000165
35012	0.0000000165
34968	0.0000000165
34965	0.0000000165
34960	0.0000000165
34959	0.0000000165
34956	0.0000000165
34876	0.0000000165
34752	0.0000000165
34590	0.0000000165
34572	0.0000000165
33628	0.0000000165
33620	0.0000000165
33439	0.0000000165
33416	0.0000000165
33375	0.0000000165
33340	0.0000000165
33145	0.0000000165
33108	0.0000000165
33074	0.0000000165
33060	0.0000000165
33050	0.0000000165
33016	0.0000000165
33003	0.0000000165
32966	0.0000000165
32954	0.0000000165
32951	0.0000000165
32943	0.0000000165
32920	0.0000000165
32911	0.0000000165
32900	0.0000000165
32895	0.0000000165
32887	0.0000000165
32869	0.0000000165
32843	0.0000000165
32814	0.0000000165
32778	0.0000000165
32713	0.0000000165
32701	0.0000000165
32518	0.0000000165
32438	0.0000000165
32416	0.0000000165
32411	0.0000000165
32386	0.0000000165
32376	0.0000000165
32282	0.0000000165
32261	0.0000000165
32206	0.0000000165
32139	0.0000000165
32090	0.0000000165
32054	0.0000000165
32040	0.0000000165
32034	0.0000000165
32024	0.0000000165
32000	0.0000000165
31988	0.0000000165
31970	0.0000000165
31946	0.0000000165
31896	0.0000000165
31869	0.0000000165
31832	0.0000000165
31801	0.0000000165
31751	0.0000000165
31695	0.0000000165
31599	0.0000000165
31597	0.0000000165
31572	0.0000000165
31492	0.0000000165
31232	0.0000000165
31190	0.0000000165
31064	0.0000000165
31006	0.0000000165
30446	0.0000000165
29168	0.0000000165
29118	0.0000000165
28733	0.0000000165
28688	0.0000000165
28599	0.0000000165
28340	0.0000000165
28294	0.0000000165
28112	0.0000000165
27280	0.0000000165
27165	0.0000000165
27112	0.0000000165
27088	0.0000000165
27033	0.0000000165
26938	0.0000000165
26917	0.0000000165
26836	0.0000000165
26833	0.0000000165
26831	0.0000000165
26816	0.0000000165
26794	0.0000000165
26782	0.0000000165
26762	0.0000000165
26761	0.0000000165
26760	0.0000000165
26750	0.0000000165
26733	0.0000000165
26717	0.0000000165
26716	0.0000000165
26715	0.0000000165
26711	0.0000000165
26708	0.0000000165
26695	0.0000000165
26694	0.0000000165
26693	0.0000000165
26672	0.0000000165
26671	0.0000000165
26670	0.0000000165
26466	0.0000000165
26398	0.0000000165
26143	0.0000000165
26135	0.0000000165
25907	0.0000000165
25873	0.0000000165
25829	0.0000000165
25733	0.0000000165
25633	0.0000000165
25609	0.0000000165
25343	0.0000000165
25301	0.0000000165
25258	0.0000000165
25108	0.0000000165
25017	0.0000000165
24995	0.0000000165
24991	0.0000000165
24939	0.0000000165
24937	0.0000000165
24928	0.0000000165
24912	0.0000000165
24896	0.0000000165
24895	0.0000000165
24894	0.0000000165
24856	0.0000000165
24840	0.0000000165
24820	0.0000000165
24810	0.0000000165
24807	0.0000000165
24804	0.0000000165
24795	0.0000000165
24789	0.0000000165
24761	0.0000000165
24757	0.0000000165
24739	0.0000000165
24719	0.0000000165
24703	0.0000000165
24688	0.0000000165
24660	0.0000000165
24652	0.0000000165
24609	0.0000000165
24569	0.0000000165
24567	0.0000000165
24565	0.0000000165
24556	0.0000000165
24395	0.0000000165
24389	0.0000000165
24355	0.0000000165
24332	0.0000000165
24288	0.0000000165
24200	0.0000000165
24180	0.0000000165
24179	0.0000000165
24143	0.0000000165
24122	0.0000000165
24120	0.0000000165
24106	0.0000000165
24007	0.0000000165
24000	0.0000000165
23989	0.0000000165
23973	0.0000000165
23935	0.0000000165
23923	0.0000000165
23855	0.0000000165
23854	0.0000000165
23834	0.0000000165
23831	0.0000000165
23818	0.0000000165
23765	0.0000000165
23759	0.0000000165
23758	0.0000000165
23754	0.0000000165
23751	0.0000000165
23739	0.0000000165
23735	0.0000000165
23725	0.0000000165
23638	0.0000000165
23635	0.0000000165
23609	0.0000000165
23563	0.0000000165
23561	0.0000000165
23544	0.0000000165
23500	0.0000000165
23492	0.0000000165
23484	0.0000000165
23480	0.0000000165
23433	0.0000000165
23427	0.0000000165
23286	0.0000000165
22987	0.0000000165
22666	0.0000000165
22644	0.0000000165
22643	0.0000000165
22642	0.0000000165
22640	0.0000000165
22638	0.0000000165
22636	0.0000000165
22635	0.0000000165
22632	0.0000000165
22481	0.0000000165
22461	0.0000000165
22460	0.0000000165
22457	0.0000000165
22456	0.0000000165
22455	0.0000000165
22453	0.0000000165
22451	0.0000000165
22450	0.0000000165
22426	0.0000000165
22416	0.0000000165
22372	0.0000000165
22355	0.0000000165
22341	0.0000000165
22321	0.0000000165
22263	0.0000000165
22247	0.0000000165
22201	0.0000000165
22199	0.0000000165
22195	0.0000000165
22157	0.0000000165
22005	0.0000000165
21665	0.0000000165
21566	0.0000000165
21543	0.0000000165
21442	0.0000000165
21418	0.0000000165
21279	0.0000000165
21217	0.0000000165
21206	0.0000000165
21094	0.0000000165
21037	0.0000000165
21001	0.0000000165
21000	0.0000000165
20999	0.0000000165
20987	0.0000000165
20953	0.0000000165
20843	0.0000000165
20762	0.0000000165
20761	0.0000000165
20760	0.0000000165
20753	0.0000000165
20748	0.0000000165
20719	0.0000000165
20718	0.0000000165
20716	0.0000000165
20713	0.0000000165
20680	0.0000000165
20489	0.0000000165
20486	0.0000000165
20485	0.0000000165
20483	0.0000000165
20482	0.0000000165
20477	0.0000000165
20329	0.0000000165
20325	0.0000000165
20219	0.0000000165
20188	0.0000000165
20126	0.0000000165
20110	0.0000000165
20095	0.0000000165
20067	0.0000000165
20063	0.0000000165
20053	0.0000000165
20042	0.0000000165
20041	0.0000000165
20033	0.0000000165
19988	0.0000000165
19907	0.0000000165
19820	0.0000000165
19785	0.0000000165
19744	0.0000000165
19664	0.0000000165
19640	0.0000000165
19617	0.0000000165
19584	0.0000000165
19543	0.0000000165
19338	0.0000000165
19207	0.0000000165
19114	0.0000000165
19089	0.0000000165
19009	0.0000000165
18965	0.0000000165
18866	0.0000000165
18810	0.0000000165
18717	0.0000000165
18688	0.0000000165
18616	0.0000000165
18578	0.0000000165
18570	0.0000000165
18332	0.0000000165
18283	0.0000000165
18208	0.0000000165
18163	0.0000000165
18161	0.0000000165
18103	0.0000000165
17973	0.0000000165
17967	0.0000000165
17966	0.0000000165
17939	0.0000000165
17923	0.0000000165
17909	0.0000000165
17817	0.0000000165
17766	0.0000000165
17677	0.0000000165
17569	0.0000000165
17473	0.0000000165
17353	0.0000000165
17293	0.0000000165
17271	0.0000000165
17268	0.0000000165
17218	0.0000000165
17081	0.0000000165
17080	0.0000000165
17026	0.0000000165
17018	0.0000000165
16764	0.0000000165
16716	0.0000000165
16686	0.0000000165
16398	0.0000000165
16390	0.0000000165
16297	0.0000000165
16138	0.0000000165
16122	0.0000000165
16116	0.0000000165
16027	0.0000000165
15816	0.0000000165
15815	0.0000000165
15794	0.0000000165
15741	0.0000000165
15725	0.0000000165
15663	0.0000000165
15580	0.0000000165
15578	0.0000000165
15530	0.0000000165
15493	0.0000000165
15451	0.0000000165
15447	0.0000000165
15443	0.0000000165
15430	0.0000000165
15428	0.0000000165
15427	0.0000000165
15425	0.0000000165
15424	0.0000000165
15422	0.0000000165
15421	0.0000000165
15420	0.0000000165
15418	0.0000000165
15414	0.0000000165
15349	0.0000000165
15292	0.0000000165
15228	0.0000000165
15227	0.0000000165
15226	0.0000000165
15200	0.0000000165
15181	0.0000000165
15166	0.0000000165
14903	0.0000000165
14901	0.0000000165
14579	0.0000000165
14560	0.0000000165
14544	0.0000000165
14512	0.0000000165
14401	0.0000000165
14396	0.0000000165
14230	0.0000000165
14194	0.0000000165
14174	0.0000000165
14097	0.0000000165
14035	0.0000000165
14018	0.0000000165
13943	0.0000000165
13724	0.0000000165
13721	0.0000000165
13720	0.0000000165
13661	0.0000000165
13539	0.0000000165
13530	0.0000000165
13522	0.0000000165
13483	0.0000000165
13482	0.0000000165
13479	0.0000000165
13469	0.0000000165
13468	0.0000000165
13466	0.0000000165
13427	0.0000000165
13273	0.0000000165
13125	0.0000000165
13124	0.0000000165
13110	0.0000000165
13108	0.0000000165
13107	0.0000000165
13106	0.0000000165
13105	0.0000000165
13063	0.0000000165
12950	0.0000000165
12947	0.0000000165
12913	0.0000000165
12905	0.0000000165
12856	0.0000000165
12855	0.0000000165
12853	0.0000000165
12846	0.0000000165
12845	0.0000000165
12843	0.0000000165
12842	0.0000000165
12839	0.0000000165
12838	0.0000000165
12835	0.0000000165
12834	0.0000000165
12833	0.0000000165
12830	0.0000000165
12696	0.0000000165
11237	0.0000000165
10660	0.0000000165
10502	0.0000000165
10302	0.0000000165
9024	0.0000000165
8226	0.0000000165
7826	0.0000000165
7765	0.0000000165
7435	0.0000000165
7268	0.0000000165
7062	0.0000000165
6139	0.0000000165
5591	0.0000000165
5489	0.0000000165
5026	0.0000000165
4916	0.0000000165
3846	0.0000000165
2517	0.0000000165
2371	0.0000000165
2351	0.0000000165
2132	0.0000000165
1711	0.0000000165
1593	0.0000000165
1450	0.0000000165
1330	0.0000000165
702	0.0000000165
669	0.0000000165
466	0.0000000165
288	0.0000000165
1	0.0000000165
11483	0.0000000164
4839	0.0000000164
1113	0.0000000163
11883	0.0000000163
15247	0.0000000163
19711	0.0000000161
8552	0.0000000160
25645	0.0000000160
24826	0.0000000158
26758	0.0000000156
25620	0.0000000155
13267	0.0000000155
26863	0.0000000153
31805	0.0000000147
1315	0.0000000145
4732	0.0000000144
26748	0.0000000144
24588	0.0000000143
3766	0.0000000142
26738	0.0000000141
13272	0.0000000140
15851	0.0000000140
25678	0.0000000140
