2037300	0.0000000363	
2074100	0.0000000358	
1719800	0.0000000356	
1474100	0.0000000354	
131520	0.0000000351	
2209700	0.0000000350	
180290	0.0000000350	
1028700	0.0000000350	
73121	0.0000000346	Yehoshua Sagiv
1142000	0.0000000346	
1886100	0.0000000345	
195120	0.0000000345	
254600	0.0000000344	
539830	0.0000000343	
80996	0.0000000343	Arun Swami
1061000	0.0000000343	
1166300	0.0000000342	
1551300	0.0000000341	
305440	0.0000000341	
939670	0.0000000340	
911160	0.0000000339	
778150	0.0000000339	
1480700	0.0000000338	
74920	0.0000000336	Catriel Beeri
399230	0.0000000336	
1037700	0.0000000335	
54681	0.0000000335	Abraham Silberschatz
487650	0.0000000333	
898480	0.0000000333	
1267800	0.0000000332	
515420	0.0000000331	
1545100	0.0000000331	
5061	0.0000000331	Kyuseok Shim
1847700	0.0000000331	
1552500	0.0000000329	
1129500	0.0000000329	
2095100	0.0000000329	
594570	0.0000000329	
672640	0.0000000328	
241390	0.0000000328	
86005	0.0000000328	Goetz Graefe
1101600	0.0000000328	
113170	0.0000000328	
1191300	0.0000000327	
982790	0.0000000327	
610960	0.0000000326	
7004100	0.0000000326	
958090	0.0000000324	
170720	0.0000000323	
2219000	0.0000000322	
263170	0.0000000321	
1208200	0.0000000321	
21650	0.0000000321	Andreas Reuter
703340	0.0000000320	
105260	0.0000000320	
2227300	0.0000000320	
796710	0.0000000320	Gerhard Weikum
2337600	0.0000000320	
1159700	0.0000000318	
53413000	0.0000000318	
143010	0.0000000316	
491130	0.0000000316	
672110	0.0000000316	
623700	0.0000000316	
973480	0.0000000315	
153690	0.0000000315	
216250	0.0000000315	
2154000	0.0000000315	
49136000	0.0000000315	
11096000	0.0000000314	
1630000	0.0000000313	
1469200	0.0000000313	
11314	0.0000000313	Christian Jensen
843550	0.0000000312	
1391600	0.0000000312	
1950300	0.0000000312	
356540	0.0000000312	
1122800	0.0000000312	
1196700	0.0000000311	
421330	0.0000000310	
450550	0.0000000309	
2364000	0.0000000309	
285970	0.0000000309	
1500900	0.0000000308	
113380	0.0000000308	
2007800	0.0000000308	
1520900	0.0000000308	
2152500	0.0000000308	
16868	0.0000000307	Phokion Kolaitis
1521300	0.0000000306	
2127000	0.0000000306	Klaus Dittrich
1631000	0.0000000304	
350510	0.0000000303	
1403700	0.0000000303	
479460	0.0000000303	
1256100	0.0000000302	
562560	0.0000000302	
723930	0.0000000302	
366600	0.0000000302	Anthony Tomasic
697720	0.0000000302	
13599	0.0000000302	Vivek Narasayya
1183300	0.0000000301	
1602600	0.0000000301	
224720	0.0000000301	
270440	0.0000000301	
53728000	0.0000000300	Matthew Browne
2041200	0.0000000300	
521260	0.0000000300	
52594000	0.0000000300	
419670	0.0000000299	Guido Moerkotte
212340	0.0000000299	
583180	0.0000000299	
1562400	0.0000000299	
1023500	0.0000000298	
636540	0.0000000298	
2303700	0.0000000297	
1925900	0.0000000297	
685130	0.0000000297	
34241000	0.0000000297	
259120	0.0000000297	
1484700	0.0000000296	
43645	0.0000000296	Daniel Barbará
1050100	0.0000000296	
1162400	0.0000000296	
1196200	0.0000000296	
2668500	0.0000000295	
1113100	0.0000000295	
97437	0.0000000295	Michel Scholl
1578900	0.0000000295	
415860	0.0000000295	
518940	0.0000000295	
11813000	0.0000000294	
546490	0.0000000294	
471350	0.0000000294	
890760	0.0000000292	
1210600	0.0000000292	
10568000	0.0000000291	
102120	0.0000000290	
850510	0.0000000290	
28553	0.0000000290	W CROFT
722270	0.0000000289	
1308200	0.0000000288	Vorapranee Khu-smith
1216200	0.0000000286	
610990	0.0000000286	
1336200	0.0000000285	
894280	0.0000000285	Manfred Gehrke
61791	0.0000000285	D Gucht
1408900	0.0000000284	
1076700	0.0000000284	
702120	0.0000000284	
21067	0.0000000284	Munindar Singh
163600	0.0000000283	
76233	0.0000000283	Shahram Ghandeharizadeh
461680	0.0000000283	
2106500	0.0000000283	
1442000	0.0000000282	
2232600	0.0000000281	
353670	0.0000000281	
183210	0.0000000281	
1112500	0.0000000281	
1003500	0.0000000281	
1971300	0.0000000281	
3313700	0.0000000280	
913430	0.0000000280	
1150500	0.0000000279	
452510	0.0000000276	
1090900	0.0000000275	
1342000	0.0000000275	
25179	0.0000000274	Brian Babcock
55979	0.0000000274	Ke Wang
414600	0.0000000272	
107710	0.0000000272	
202320	0.0000000271	
307980	0.0000000270	
1107600	0.0000000270	
1008200	0.0000000270	
1180800	0.0000000269	
1460900	0.0000000269	
1198100	0.0000000269	
871240	0.0000000269	
1616500	0.0000000269	
600080	0.0000000268	Omar Benjelloun
736410	0.0000000268	
2410400	0.0000000267	
1057200	0.0000000266	
1156800	0.0000000265	
1036400	0.0000000265	
67664	0.0000000264	Stuart Madnick
209230	0.0000000264	
2035600	0.0000000264	
253640	0.0000000264	
772410	0.0000000264	
142310	0.0000000262	
147670	0.0000000262	
642370	0.0000000262	
936950	0.0000000262	
321500	0.0000000260	
398000	0.0000000259	
157600	0.0000000259	
828000	0.0000000258	
1595100	0.0000000258	
415720	0.0000000257	
1006500	0.0000000257	
419820	0.0000000257	Man Yiu
1692000	0.0000000257	
693800	0.0000000256	
2214100	0.0000000256	
1906800	0.0000000254	
1372400	0.0000000254	
2065600	0.0000000253	
1062800	0.0000000253	
548960	0.0000000253	
3318400	0.0000000251	
1569700	0.0000000251	
928690	0.0000000251	
1407200	0.0000000251	
902320	0.0000000250	
76773	0.0000000250	J. Shanmugasundaram
288420	0.0000000248	
422620	0.0000000247	
1138800	0.0000000247	
2374700	0.0000000246	
7304500	0.0000000245	
45076	0.0000000245	Zachary Ives
1173800	0.0000000243	
7649100	0.0000000243	
1024200	0.0000000242	
2124100	0.0000000242	
7920	0.0000000242	R Baezayates
755240	0.0000000242	
942670	0.0000000241	
1554900	0.0000000240	
39942	0.0000000240	Gustavo Alonso
1010900	0.0000000239	
1578500	0.0000000237	
992930	0.0000000236	
1058300	0.0000000236	
928820	0.0000000235	
664070	0.0000000235	
443360	0.0000000234	
372360	0.0000000234	
973470	0.0000000233	
11196	0.0000000232	J FREIRE
692780	0.0000000232	
1463300	0.0000000230	
943080	0.0000000229	
1559300	0.0000000229	
470740	0.0000000226	
1233900	0.0000000226	
13495	0.0000000224	Anthony Tung
156720	0.0000000220	A CHEN
1307300	0.0000000219	
1106900	0.0000000219	
1166600	0.0000000214	
45049	0.0000000212	Dongwon Lee
112070	0.0000000211	
1105700	0.0000000209	
115520	0.0000000208	
935690	0.0000000207	
12692000	0.0000000206	
3314700	0.0000000206	Juan Penas
837140	0.0000000203	Manolis Koubarakis
329670	0.0000000201	
66237	0.0000000199	Marlon Dumas
882470	0.0000000198	
670250	0.0000000197	
2064600	0.0000000195	
877910	0.0000000194	Peter Mcbrien
463280	0.0000000194	
814340	0.0000000191	
1075300	0.0000000191	
411940	0.0000000189	Olivier Festor
740750	0.0000000189	Peter Boncz
163690	0.0000000188	
692830	0.0000000187	
829390	0.0000000186	
982690	0.0000000185	
178240	0.0000000183	
10559000	0.0000000183	
719870	0.0000000182	
1960200	0.0000000180	
241560	0.0000000179	
2130300	0.0000000178	
24269000	0.0000000177	
696490	0.0000000176	
2218800	0.0000000176	
6833300	0.0000000175	
883340	0.0000000175	
2438600	0.0000000174	
650860	0.0000000174	
680110	0.0000000173	
266070	0.0000000173	
1068200	0.0000000171	Natalia Juzgado
1117200	0.0000000170	
47592000	0.0000000170	
182130	0.0000000169	
658120	0.0000000169	
388610	0.0000000168	
6834300	0.0000000168	
1467200	0.0000000168	
697170	0.0000000167	Jan Mendling
3318500	0.0000000167	
61458000	0.0000000165	
61449000	0.0000000165	
61412000	0.0000000165	
61408000	0.0000000165	
61407000	0.0000000165	
61398000	0.0000000165	
61387000	0.0000000165	
61337000	0.0000000165	
61264000	0.0000000165	
60780000	0.0000000165	
60768000	0.0000000165	
60759000	0.0000000165	
60756000	0.0000000165	
60732000	0.0000000165	
60719000	0.0000000165	
60699000	0.0000000165	
60687000	0.0000000165	
60686000	0.0000000165	
60681000	0.0000000165	
60616000	0.0000000165	
60597000	0.0000000165	
60573000	0.0000000165	
60572000	0.0000000165	
60559000	0.0000000165	
60459000	0.0000000165	
60415000	0.0000000165	
60402000	0.0000000165	
60382000	0.0000000165	
60314000	0.0000000165	
60300000	0.0000000165	
60298000	0.0000000165	
60285000	0.0000000165	
60221000	0.0000000165	
60186000	0.0000000165	
60142000	0.0000000165	
60132000	0.0000000165	
60112000	0.0000000165	
60110000	0.0000000165	
59984000	0.0000000165	
59885000	0.0000000165	
59883000	0.0000000165	
59882000	0.0000000165	
59834000	0.0000000165	
59769000	0.0000000165	
59768000	0.0000000165	
59767000	0.0000000165	
59762000	0.0000000165	
59714000	0.0000000165	
59710000	0.0000000165	
59709000	0.0000000165	
59708000	0.0000000165	
59687000	0.0000000165	
59682000	0.0000000165	
59565000	0.0000000165	
59539000	0.0000000165	
59538000	0.0000000165	
59522000	0.0000000165	
59520000	0.0000000165	
59496000	0.0000000165	
59489000	0.0000000165	
59488000	0.0000000165	
59483000	0.0000000165	
59481000	0.0000000165	
59476000	0.0000000165	
59473000	0.0000000165	
59470000	0.0000000165	
59466000	0.0000000165	
59459000	0.0000000165	
59444000	0.0000000165	
59426000	0.0000000165	
59420000	0.0000000165	
59411000	0.0000000165	
59409000	0.0000000165	
59399000	0.0000000165	
59398000	0.0000000165	
59369000	0.0000000165	
59364000	0.0000000165	
59358000	0.0000000165	
59356000	0.0000000165	
59341000	0.0000000165	
59329000	0.0000000165	
59262000	0.0000000165	
59240000	0.0000000165	
59239000	0.0000000165	
59238000	0.0000000165	
59214000	0.0000000165	
59213000	0.0000000165	
59189000	0.0000000165	
59105000	0.0000000165	
59042000	0.0000000165	
59035000	0.0000000165	
59032000	0.0000000165	
59031000	0.0000000165	
59026000	0.0000000165	
59025000	0.0000000165	
58948000	0.0000000165	
58910000	0.0000000165	
58888000	0.0000000165	
58879000	0.0000000165	
58878000	0.0000000165	
58876000	0.0000000165	
58801000	0.0000000165	
58799000	0.0000000165	
58761000	0.0000000165	
58642000	0.0000000165	
58610000	0.0000000165	
58603000	0.0000000165	
58601000	0.0000000165	
58599000	0.0000000165	
58597000	0.0000000165	
58596000	0.0000000165	
58591000	0.0000000165	
58582000	0.0000000165	
58576000	0.0000000165	
58575000	0.0000000165	
58573000	0.0000000165	
58572000	0.0000000165	
58548000	0.0000000165	
58522000	0.0000000165	
58503000	0.0000000165	
58472000	0.0000000165	
58461000	0.0000000165	
58440000	0.0000000165	
58388000	0.0000000165	
58354000	0.0000000165	
58353000	0.0000000165	
58278000	0.0000000165	
58262000	0.0000000165	
58260000	0.0000000165	
58259000	0.0000000165	
58256000	0.0000000165	
58238000	0.0000000165	
58204000	0.0000000165	
58103000	0.0000000165	
58043000	0.0000000165	
58027000	0.0000000165	
57990000	0.0000000165	
57973000	0.0000000165	
57942000	0.0000000165	
57635000	0.0000000165	
57596000	0.0000000165	
57569000	0.0000000165	
57561000	0.0000000165	
57549000	0.0000000165	
57456000	0.0000000165	
57447000	0.0000000165	
57361000	0.0000000165	
57230000	0.0000000165	
57229000	0.0000000165	
57224000	0.0000000165	
57161000	0.0000000165	
57149000	0.0000000165	
57093000	0.0000000165	
57061000	0.0000000165	
57060000	0.0000000165	
57058000	0.0000000165	
57057000	0.0000000165	
57043000	0.0000000165	
57025000	0.0000000165	
57017000	0.0000000165	
57015000	0.0000000165	
57011000	0.0000000165	
57006000	0.0000000165	
56969000	0.0000000165	
56968000	0.0000000165	
56966000	0.0000000165	
56951000	0.0000000165	
56918000	0.0000000165	
56915000	0.0000000165	
56906000	0.0000000165	
56905000	0.0000000165	
56904000	0.0000000165	
56902000	0.0000000165	
56900000	0.0000000165	
56883000	0.0000000165	
56826000	0.0000000165	
56809000	0.0000000165	
56655000	0.0000000165	
56480000	0.0000000165	
56474000	0.0000000165	
56465000	0.0000000165	
56435000	0.0000000165	
56373000	0.0000000165	
56372000	0.0000000165	
56368000	0.0000000165	
56361000	0.0000000165	
56350000	0.0000000165	
56332000	0.0000000165	
56298000	0.0000000165	
56225000	0.0000000165	
56180000	0.0000000165	
56142000	0.0000000165	
56138000	0.0000000165	
56112000	0.0000000165	
56098000	0.0000000165	
56067000	0.0000000165	
56066000	0.0000000165	
56043000	0.0000000165	
56042000	0.0000000165	
55931000	0.0000000165	
55926000	0.0000000165	
55892000	0.0000000165	
55885000	0.0000000165	
55874000	0.0000000165	
55860000	0.0000000165	
55836000	0.0000000165	
55810000	0.0000000165	
55809000	0.0000000165	
55802000	0.0000000165	
55788000	0.0000000165	
55667000	0.0000000165	
55650000	0.0000000165	
55642000	0.0000000165	
55604000	0.0000000165	
55587000	0.0000000165	
55574000	0.0000000165	
55559000	0.0000000165	
55546000	0.0000000165	
55526000	0.0000000165	
55520000	0.0000000165	
55459000	0.0000000165	
55454000	0.0000000165	
55448000	0.0000000165	
55399000	0.0000000165	
55394000	0.0000000165	
55393000	0.0000000165	
55339000	0.0000000165	
55327000	0.0000000165	
55316000	0.0000000165	
55315000	0.0000000165	
55302000	0.0000000165	
55235000	0.0000000165	
55144000	0.0000000165	
55124000	0.0000000165	
55095000	0.0000000165	
55094000	0.0000000165	
55088000	0.0000000165	
55077000	0.0000000165	
55012000	0.0000000165	
54985000	0.0000000165	
54983000	0.0000000165	
54925000	0.0000000165	
54912000	0.0000000165	
54826000	0.0000000165	
54824000	0.0000000165	
54774000	0.0000000165	
54706000	0.0000000165	
54686000	0.0000000165	
54667000	0.0000000165	
54617000	0.0000000165	
54612000	0.0000000165	
54604000	0.0000000165	
54589000	0.0000000165	
54502000	0.0000000165	
54484000	0.0000000165	
54478000	0.0000000165	
54420000	0.0000000165	
54401000	0.0000000165	
54398000	0.0000000165	
54352000	0.0000000165	
54343000	0.0000000165	
54342000	0.0000000165	
54282000	0.0000000165	
54246000	0.0000000165	
54244000	0.0000000165	
54237000	0.0000000165	
54226000	0.0000000165	
54198000	0.0000000165	
54182000	0.0000000165	
54165000	0.0000000165	
54154000	0.0000000165	
54102000	0.0000000165	
54038000	0.0000000165	
54022000	0.0000000165	
54019000	0.0000000165	
53937000	0.0000000165	
53932000	0.0000000165	
53789000	0.0000000165	
53786000	0.0000000165	
53779000	0.0000000165	
53675000	0.0000000165	
53652000	0.0000000165	
53644000	0.0000000165	
53627000	0.0000000165	
53626000	0.0000000165	
53595000	0.0000000165	
53553000	0.0000000165	
53540000	0.0000000165	
53535000	0.0000000165	
53530000	0.0000000165	
53520000	0.0000000165	
53518000	0.0000000165	
53510000	0.0000000165	
53498000	0.0000000165	
53488000	0.0000000165	
53361000	0.0000000165	
53347000	0.0000000165	
53315000	0.0000000165	
53314000	0.0000000165	
53313000	0.0000000165	
53283000	0.0000000165	
53233000	0.0000000165	
53223000	0.0000000165	
53209000	0.0000000165	
53155000	0.0000000165	
53110000	0.0000000165	
53108000	0.0000000165	
53065000	0.0000000165	
52999000	0.0000000165	
52980000	0.0000000165	
52958000	0.0000000165	
52917000	0.0000000165	
52911000	0.0000000165	
52900000	0.0000000165	
52880000	0.0000000165	
52878000	0.0000000165	
52871000	0.0000000165	
52826000	0.0000000165	
52803000	0.0000000165	
52787000	0.0000000165	
52735000	0.0000000165	
52733000	0.0000000165	
52720000	0.0000000165	
52674000	0.0000000165	
52660000	0.0000000165	
52652000	0.0000000165	
52649000	0.0000000165	
52577000	0.0000000165	
52557000	0.0000000165	
52546000	0.0000000165	
52443000	0.0000000165	
52438000	0.0000000165	
52393000	0.0000000165	
52391000	0.0000000165	
52358000	0.0000000165	
52350000	0.0000000165	
52324000	0.0000000165	
52317000	0.0000000165	
52299000	0.0000000165	
52260000	0.0000000165	
52258000	0.0000000165	
52254000	0.0000000165	
52238000	0.0000000165	
52206000	0.0000000165	
52198000	0.0000000165	
52197000	0.0000000165	
52194000	0.0000000165	
52190000	0.0000000165	
52166000	0.0000000165	
52130000	0.0000000165	
52112000	0.0000000165	
52082000	0.0000000165	
51932000	0.0000000165	
51893000	0.0000000165	
51813000	0.0000000165	
51773000	0.0000000165	
51731000	0.0000000165	
51698000	0.0000000165	
51677000	0.0000000165	
51661000	0.0000000165	
51583000	0.0000000165	
51524000	0.0000000165	
51503000	0.0000000165	
51449000	0.0000000165	
51367000	0.0000000165	
51347000	0.0000000165	
51282000	0.0000000165	
51204000	0.0000000165	
51201000	0.0000000165	
51200000	0.0000000165	
51085000	0.0000000165	
51028000	0.0000000165	
50602000	0.0000000165	
50289000	0.0000000165	
50150000	0.0000000165	
49915000	0.0000000165	
49840000	0.0000000165	
49829000	0.0000000165	
49806000	0.0000000165	
49805000	0.0000000165	
49723000	0.0000000165	
49715000	0.0000000165	
49686000	0.0000000165	
49675000	0.0000000165	
49632000	0.0000000165	
49562000	0.0000000165	
49436000	0.0000000165	
49335000	0.0000000165	
49328000	0.0000000165	
49261000	0.0000000165	
49236000	0.0000000165	
49225000	0.0000000165	
49202000	0.0000000165	
49164000	0.0000000165	
49119000	0.0000000165	
49117000	0.0000000165	
49116000	0.0000000165	
49075000	0.0000000165	
49062000	0.0000000165	
49061000	0.0000000165	
49060000	0.0000000165	
49041000	0.0000000165	
49024000	0.0000000165	
48931000	0.0000000165	
48873000	0.0000000165	
48869000	0.0000000165	
48778000	0.0000000165	
48688000	0.0000000165	
48687000	0.0000000165	
48635000	0.0000000165	
48579000	0.0000000165	
48358000	0.0000000165	
48330000	0.0000000165	
48327000	0.0000000165	
48326000	0.0000000165	
48315000	0.0000000165	
48310000	0.0000000165	
48285000	0.0000000165	
48276000	0.0000000165	
48163000	0.0000000165	
48131000	0.0000000165	
48090000	0.0000000165	
48039000	0.0000000165	
48016000	0.0000000165	
47969000	0.0000000165	
47942000	0.0000000165	
47939000	0.0000000165	
47927000	0.0000000165	
47911000	0.0000000165	
47883000	0.0000000165	
47825000	0.0000000165	
47818000	0.0000000165	
47817000	0.0000000165	
47808000	0.0000000165	
47796000	0.0000000165	
47701000	0.0000000165	
47697000	0.0000000165	
47680000	0.0000000165	
47656000	0.0000000165	
47576000	0.0000000165	Ricardo Gonzalez
47469000	0.0000000165	
47468000	0.0000000165	
47392000	0.0000000165	
47381000	0.0000000165	
47373000	0.0000000165	
47312000	0.0000000165	
47278000	0.0000000165	
47271000	0.0000000165	
47247000	0.0000000165	
47233000	0.0000000165	
47206000	0.0000000165	
47097000	0.0000000165	
47094000	0.0000000165	
47080000	0.0000000165	
47068000	0.0000000165	
47063000	0.0000000165	
47044000	0.0000000165	
47035000	0.0000000165	
47027000	0.0000000165	
46966000	0.0000000165	
46939000	0.0000000165	
46912000	0.0000000165	
46879000	0.0000000165	
46797000	0.0000000165	
46795000	0.0000000165	
46791000	0.0000000165	
46785000	0.0000000165	
46725000	0.0000000165	
46724000	0.0000000165	
46696000	0.0000000165	
46684000	0.0000000165	
46680000	0.0000000165	
46676000	0.0000000165	
46646000	0.0000000165	
46643000	0.0000000165	
46638000	0.0000000165	
46636000	0.0000000165	
46629000	0.0000000165	
46618000	0.0000000165	
46605000	0.0000000165	
46570000	0.0000000165	
46569000	0.0000000165	
46565000	0.0000000165	
46537000	0.0000000165	
46526000	0.0000000165	
46500000	0.0000000165	
46472000	0.0000000165	
46461000	0.0000000165	
46450000	0.0000000165	
46435000	0.0000000165	
46270000	0.0000000165	
45820000	0.0000000165	
45819000	0.0000000165	
45786000	0.0000000165	
45662000	0.0000000165	
45572000	0.0000000165	
45372000	0.0000000165	
45369000	0.0000000165	
45333000	0.0000000165	
45298000	0.0000000165	
45277000	0.0000000165	
45107000	0.0000000165	
44991000	0.0000000165	
44936000	0.0000000165	
44905000	0.0000000165	
44836000	0.0000000165	
44808000	0.0000000165	
44726000	0.0000000165	
44671000	0.0000000165	
44641000	0.0000000165	
44624000	0.0000000165	
44582000	0.0000000165	
44263000	0.0000000165	
44238000	0.0000000165	
44216000	0.0000000165	
44215000	0.0000000165	
44212000	0.0000000165	
44174000	0.0000000165	
44114000	0.0000000165	
44043000	0.0000000165	
43942000	0.0000000165	
43860000	0.0000000165	
43786000	0.0000000165	
43783000	0.0000000165	
43712000	0.0000000165	
43681000	0.0000000165	
43616000	0.0000000165	
43569000	0.0000000165	
43517000	0.0000000165	
43434000	0.0000000165	
43433000	0.0000000165	
42991000	0.0000000165	
42859000	0.0000000165	
42632000	0.0000000165	
42471000	0.0000000165	
42450000	0.0000000165	
42299000	0.0000000165	
42298000	0.0000000165	
42295000	0.0000000165	
41636000	0.0000000165	
41630000	0.0000000165	
41419000	0.0000000165	
41405000	0.0000000165	
41269000	0.0000000165	
41268000	0.0000000165	
41246000	0.0000000165	
41236000	0.0000000165	
41235000	0.0000000165	
41232000	0.0000000165	
41191000	0.0000000165	
41039000	0.0000000165	
40803000	0.0000000165	
40739000	0.0000000165	
40659000	0.0000000165	
40657000	0.0000000165	
40656000	0.0000000165	
40655000	0.0000000165	
40654000	0.0000000165	
40653000	0.0000000165	
40621000	0.0000000165	
40619000	0.0000000165	
40618000	0.0000000165	
40615000	0.0000000165	
40614000	0.0000000165	
40580000	0.0000000165	
40407000	0.0000000165	
40302000	0.0000000165	
40102000	0.0000000165	
40028000	0.0000000165	
39814000	0.0000000165	
39769000	0.0000000165	
39742000	0.0000000165	
39602000	0.0000000165	
39531000	0.0000000165	
39460000	0.0000000165	
39367000	0.0000000165	
39362000	0.0000000165	
39361000	0.0000000165	
39302000	0.0000000165	
39097000	0.0000000165	
38789000	0.0000000165	
38660000	0.0000000165	
38579000	0.0000000165	
38570000	0.0000000165	
38569000	0.0000000165	
38545000	0.0000000165	
38538000	0.0000000165	
38476000	0.0000000165	
38378000	0.0000000165	
38377000	0.0000000165	
38293000	0.0000000165	
38243000	0.0000000165	
38236000	0.0000000165	
37855000	0.0000000165	
37786000	0.0000000165	
37778000	0.0000000165	
37518000	0.0000000165	
37375000	0.0000000165	
37348000	0.0000000165	
37301000	0.0000000165	
37299000	0.0000000165	
37297000	0.0000000165	
37258000	0.0000000165	
37256000	0.0000000165	
37252000	0.0000000165	
37246000	0.0000000165	
37225000	0.0000000165	
36618000	0.0000000165	
36605000	0.0000000165	
36564000	0.0000000165	
36535000	0.0000000165	
36532000	0.0000000165	
36517000	0.0000000165	
36478000	0.0000000165	
36291000	0.0000000165	
36232000	0.0000000165	
36230000	0.0000000165	
36227000	0.0000000165	
36113000	0.0000000165	
36105000	0.0000000165	
36101000	0.0000000165	
35960000	0.0000000165	
35891000	0.0000000165	
35869000	0.0000000165	
35841000	0.0000000165	
35699000	0.0000000165	
35297000	0.0000000165	
35245000	0.0000000165	
35226000	0.0000000165	
35223000	0.0000000165	
35222000	0.0000000165	
35060000	0.0000000165	
35038000	0.0000000165	
34997000	0.0000000165	
34983000	0.0000000165	
34918000	0.0000000165	
34889000	0.0000000165	
34666000	0.0000000165	
34609000	0.0000000165	
34587000	0.0000000165	
34409000	0.0000000165	
34205000	0.0000000165	
34022000	0.0000000165	
33755000	0.0000000165	
33720000	0.0000000165	
33667000	0.0000000165	
33633000	0.0000000165	
33311000	0.0000000165	
33304000	0.0000000165	
33255000	0.0000000165	
33166000	0.0000000165	
33162000	0.0000000165	
33161000	0.0000000165	
33160000	0.0000000165	
33159000	0.0000000165	
33092000	0.0000000165	
32856000	0.0000000165	
32531000	0.0000000165	
32446000	0.0000000165	
31842000	0.0000000165	
31750000	0.0000000165	
31562000	0.0000000165	
31422000	0.0000000165	
31330000	0.0000000165	
31315000	0.0000000165	
31252000	0.0000000165	
31251000	0.0000000165	
31220000	0.0000000165	
31122000	0.0000000165	
30886000	0.0000000165	
30822000	0.0000000165	
30797000	0.0000000165	
30737000	0.0000000165	
30729000	0.0000000165	
30727000	0.0000000165	
30678000	0.0000000165	
30648000	0.0000000165	
30624000	0.0000000165	
30623000	0.0000000165	
30622000	0.0000000165	
30619000	0.0000000165	
30570000	0.0000000165	
30511000	0.0000000165	
30389000	0.0000000165	
30386000	0.0000000165	
30174000	0.0000000165	
30170000	0.0000000165	
30169000	0.0000000165	
30130000	0.0000000165	
30101000	0.0000000165	
30099000	0.0000000165	
30098000	0.0000000165	
30097000	0.0000000165	
29997000	0.0000000165	
29993000	0.0000000165	
29987000	0.0000000165	
29964000	0.0000000165	
29802000	0.0000000165	
29770000	0.0000000165	
29753000	0.0000000165	
29748000	0.0000000165	
29747000	0.0000000165	
29588000	0.0000000165	
29561000	0.0000000165	
29233000	0.0000000165	
29192000	0.0000000165	
29115000	0.0000000165	
29101000	0.0000000165	
29059000	0.0000000165	
28928000	0.0000000165	
28919000	0.0000000165	
28910000	0.0000000165	
28886000	0.0000000165	
28860000	0.0000000165	
28836000	0.0000000165	
28834000	0.0000000165	
28815000	0.0000000165	
28781000	0.0000000165	
28764000	0.0000000165	
28762000	0.0000000165	
28746000	0.0000000165	
28613000	0.0000000165	
28607000	0.0000000165	
28595000	0.0000000165	
28460000	0.0000000165	
28303000	0.0000000165	
28097000	0.0000000165	
28083000	0.0000000165	
28055000	0.0000000165	
28049000	0.0000000165	
28047000	0.0000000165	
27798000	0.0000000165	
27789000	0.0000000165	
27748000	0.0000000165	
27628000	0.0000000165	
27547000	0.0000000165	
27495000	0.0000000165	
27494000	0.0000000165	
27423000	0.0000000165	
27411000	0.0000000165	
27409000	0.0000000165	
27390000	0.0000000165	
27382000	0.0000000165	
27371000	0.0000000165	
27370000	0.0000000165	
27365000	0.0000000165	
27363000	0.0000000165	
27362000	0.0000000165	
27359000	0.0000000165	
27358000	0.0000000165	
27357000	0.0000000165	
27309000	0.0000000165	
27223000	0.0000000165	
27126000	0.0000000165	
27119000	0.0000000165	
27078000	0.0000000165	
27069000	0.0000000165	
26974000	0.0000000165	
26939000	0.0000000165	
26923000	0.0000000165	
26868000	0.0000000165	
26852000	0.0000000165	
26803000	0.0000000165	
26801000	0.0000000165	
26684000	0.0000000165	
26666000	0.0000000165	
26653000	0.0000000165	
26650000	0.0000000165	
26596000	0.0000000165	
26583000	0.0000000165	
26576000	0.0000000165	
26574000	0.0000000165	
26555000	0.0000000165	
26554000	0.0000000165	
26552000	0.0000000165	
26551000	0.0000000165	
26503000	0.0000000165	
26495000	0.0000000165	
26493000	0.0000000165	
26463000	0.0000000165	
26455000	0.0000000165	
26449000	0.0000000165	
26417000	0.0000000165	
26409000	0.0000000165	
26400000	0.0000000165	
26385000	0.0000000165	
26373000	0.0000000165	
26370000	0.0000000165	
26369000	0.0000000165	
26354000	0.0000000165	
26338000	0.0000000165	
26319000	0.0000000165	
26285000	0.0000000165	
26260000	0.0000000165	
26229000	0.0000000165	
26227000	0.0000000165	
26190000	0.0000000165	
26180000	0.0000000165	
26122000	0.0000000165	
26108000	0.0000000165	
26024000	0.0000000165	
25349000	0.0000000165	
25330000	0.0000000165	
25160000	0.0000000165	
25136000	0.0000000165	
25033000	0.0000000165	
24871000	0.0000000165	
24825000	0.0000000165	
24624000	0.0000000165	
24480000	0.0000000165	
24479000	0.0000000165	
24478000	0.0000000165	
24383000	0.0000000165	
24340000	0.0000000165	
24276000	0.0000000165	
24184000	0.0000000165	
23489000	0.0000000165	
23483000	0.0000000165	
23458000	0.0000000165	
23449000	0.0000000165	
23386000	0.0000000165	
23380000	0.0000000165	
23327000	0.0000000165	
23132000	0.0000000165	
23078000	0.0000000165	
23072000	0.0000000165	
23051000	0.0000000165	
23000000	0.0000000165	
22997000	0.0000000165	
22837000	0.0000000165	
22835000	0.0000000165	
22829000	0.0000000165	
22814000	0.0000000165	
22697000	0.0000000165	
22666000	0.0000000165	
22656000	0.0000000165	
22646000	0.0000000165	
22382000	0.0000000165	
22249000	0.0000000165	
22231000	0.0000000165	
22046000	0.0000000165	
22045000	0.0000000165	
22044000	0.0000000165	
22043000	0.0000000165	
19908000	0.0000000165	
19787000	0.0000000165	
19784000	0.0000000165	
19751000	0.0000000165	
19748000	0.0000000165	
19700000	0.0000000165	
19699000	0.0000000165	
19404000	0.0000000165	
19372000	0.0000000165	
19342000	0.0000000165	
19338000	0.0000000165	
19331000	0.0000000165	
19318000	0.0000000165	
18998000	0.0000000165	
18928000	0.0000000165	
18687000	0.0000000165	
18685000	0.0000000165	
18682000	0.0000000165	
18625000	0.0000000165	
18352000	0.0000000165	
18235000	0.0000000165	
18204000	0.0000000165	
18149000	0.0000000165	
16461000	0.0000000165	
16253000	0.0000000165	
16252000	0.0000000165	
16249000	0.0000000165	
16248000	0.0000000165	
16247000	0.0000000165	
16239000	0.0000000165	
16159000	0.0000000165	
16158000	0.0000000165	
16157000	0.0000000165	
16154000	0.0000000165	
16141000	0.0000000165	
16140000	0.0000000165	
16092000	0.0000000165	
16091000	0.0000000165	
16075000	0.0000000165	
16050000	0.0000000165	
16049000	0.0000000165	
16016000	0.0000000165	
15305000	0.0000000165	
15301000	0.0000000165	
15299000	0.0000000165	
15270000	0.0000000165	
15269000	0.0000000165	
15173000	0.0000000165	
15120000	0.0000000165	
15107000	0.0000000165	
15074000	0.0000000165	
15064000	0.0000000165	
15060000	0.0000000165	
15058000	0.0000000165	
15057000	0.0000000165	
15053000	0.0000000165	
15031000	0.0000000165	
15030000	0.0000000165	
15027000	0.0000000165	
15001000	0.0000000165	
14978000	0.0000000165	
14975000	0.0000000165	
14974000	0.0000000165	
14972000	0.0000000165	
14969000	0.0000000165	
14867000	0.0000000165	
14808000	0.0000000165	
14785000	0.0000000165	
14735000	0.0000000165	
14717000	0.0000000165	
14711000	0.0000000165	
14557000	0.0000000165	
14554000	0.0000000165	
14546000	0.0000000165	
14536000	0.0000000165	
14517000	0.0000000165	
14516000	0.0000000165	
14506000	0.0000000165	
14505000	0.0000000165	
14500000	0.0000000165	
14384000	0.0000000165	
14362000	0.0000000165	
14346000	0.0000000165	
14046000	0.0000000165	
13671000	0.0000000165	
13502000	0.0000000165	
13499000	0.0000000165	
13409000	0.0000000165	
13371000	0.0000000165	
13251000	0.0000000165	
13100000	0.0000000165	
13086000	0.0000000165	
12704000	0.0000000165	
12684000	0.0000000165	
12624000	0.0000000165	
12572000	0.0000000165	
12499000	0.0000000165	
12439000	0.0000000165	
12422000	0.0000000165	
12283000	0.0000000165	
12232000	0.0000000165	
12166000	0.0000000165	
12148000	0.0000000165	
12062000	0.0000000165	
12055000	0.0000000165	
11823000	0.0000000165	
11778000	0.0000000165	
11634000	0.0000000165	
11572000	0.0000000165	
11571000	0.0000000165	
11496000	0.0000000165	
11451000	0.0000000165	
11340000	0.0000000165	
11279000	0.0000000165	
11099000	0.0000000165	
11090000	0.0000000165	
11043000	0.0000000165	
11011000	0.0000000165	
10969000	0.0000000165	
10952000	0.0000000165	
10949000	0.0000000165	
10828000	0.0000000165	
10777000	0.0000000165	
10387000	0.0000000165	
10196000	0.0000000165	
10144000	0.0000000165	
10054000	0.0000000165	
7021800	0.0000000165	
6922900	0.0000000165	
6896600	0.0000000165	
6883700	0.0000000165	
6858200	0.0000000165	
6823800	0.0000000165	
6678100	0.0000000165	
6659900	0.0000000165	
6656800	0.0000000165	
6603400	0.0000000165	
6595700	0.0000000165	
6590300	0.0000000165	
6390400	0.0000000165	
6328000	0.0000000165	
6314300	0.0000000165	
6272800	0.0000000165	
6256200	0.0000000165	
6195700	0.0000000165	
6115800	0.0000000165	
6102800	0.0000000165	
6102000	0.0000000165	
6100500	0.0000000165	
6089800	0.0000000165	
6068700	0.0000000165	
6060700	0.0000000165	
6027600	0.0000000165	
5982200	0.0000000165	
5967800	0.0000000165	
5933700	0.0000000165	
5841400	0.0000000165	
5737400	0.0000000165	
5697100	0.0000000165	
5695100	0.0000000165	
5605900	0.0000000165	
5573500	0.0000000165	
5549200	0.0000000165	
5463500	0.0000000165	
5358400	0.0000000165	
5326700	0.0000000165	
5241300	0.0000000165	
5210600	0.0000000165	
5178900	0.0000000165	
5158100	0.0000000165	
5133600	0.0000000165	
5110500	0.0000000165	
5030900	0.0000000165	
5026000	0.0000000165	
5023500	0.0000000165	
5009700	0.0000000165	
4985500	0.0000000165	
4978600	0.0000000165	
4921300	0.0000000165	
4890900	0.0000000165	
4831800	0.0000000165	
4791600	0.0000000165	
4791400	0.0000000165	
4785700	0.0000000165	
4702300	0.0000000165	
4676600	0.0000000165	
4670900	0.0000000165	
4639400	0.0000000165	
4633900	0.0000000165	
4627400	0.0000000165	
4606300	0.0000000165	
4596700	0.0000000165	
4504500	0.0000000165	
4493000	0.0000000165	
4452900	0.0000000165	
4452400	0.0000000165	
4443800	0.0000000165	
4443400	0.0000000165	
4442700	0.0000000165	
4442600	0.0000000165	
4442300	0.0000000165	
4428300	0.0000000165	
4408000	0.0000000165	
4379900	0.0000000165	
4377800	0.0000000165	
4249500	0.0000000165	
4248600	0.0000000165	
4224700	0.0000000165	
4215200	0.0000000165	
4201300	0.0000000165	
4186600	0.0000000165	
4088100	0.0000000165	
4058600	0.0000000165	
4042900	0.0000000165	
4025000	0.0000000165	
4019800	0.0000000165	
4005900	0.0000000165	
4003600	0.0000000165	
3967400	0.0000000165	
3955000	0.0000000165	
3951700	0.0000000165	
3940200	0.0000000165	
3922100	0.0000000165	
3903800	0.0000000165	
3893300	0.0000000165	
3881100	0.0000000165	
3876300	0.0000000165	
3853200	0.0000000165	
3825300	0.0000000165	
3803700	0.0000000165	
3770500	0.0000000165	
3714300	0.0000000165	
3708300	0.0000000165	
3562200	0.0000000165	
3502400	0.0000000165	
3490200	0.0000000165	
3487000	0.0000000165	
3448700	0.0000000165	
3437100	0.0000000165	
3355200	0.0000000165	
3335800	0.0000000165	
3283000	0.0000000165	
3243100	0.0000000165	
3197500	0.0000000165	
3161100	0.0000000165	
3142600	0.0000000165	
3136700	0.0000000165	
3130500	0.0000000165	
3113800	0.0000000165	
3100100	0.0000000165	
3086900	0.0000000165	
3072500	0.0000000165	
3030300	0.0000000165	
3007800	0.0000000165	
2980400	0.0000000165	
2960600	0.0000000165	
2926100	0.0000000165	
2890000	0.0000000165	
2814400	0.0000000165	
2813900	0.0000000165	
2796300	0.0000000165	
2721900	0.0000000165	
2563100	0.0000000165	
2532100	0.0000000165	
2507600	0.0000000165	
2495200	0.0000000165	
2417400	0.0000000165	
2152800	0.0000000165	
2144300	0.0000000165	
2037400	0.0000000165	
2026300	0.0000000165	
1995500	0.0000000165	
1907600	0.0000000165	
1902700	0.0000000165	
1878500	0.0000000165	
1755200	0.0000000165	
1730400	0.0000000165	
1723200	0.0000000165	
1719300	0.0000000165	
1711200	0.0000000165	
1694000	0.0000000165	
1685700	0.0000000165	
1635500	0.0000000165	
1625800	0.0000000165	
1624500	0.0000000165	
1616400	0.0000000165	
1587600	0.0000000165	
1578000	0.0000000165	
1551200	0.0000000165	
1550500	0.0000000165	
1549800	0.0000000165	
1537300	0.0000000165	
1492600	0.0000000165	
1461600	0.0000000165	
1461500	0.0000000165	
1461400	0.0000000165	
1458600	0.0000000165	
1457400	0.0000000165	
1452600	0.0000000165	
1452400	0.0000000165	
1452200	0.0000000165	
1435500	0.0000000165	
1435200	0.0000000165	
1434900	0.0000000165	
1375600	0.0000000165	
1360400	0.0000000165	
1306900	0.0000000165	
1305200	0.0000000165	
1261900	0.0000000165	
1255500	0.0000000165	
1247300	0.0000000165	
1228600	0.0000000165	
1051500	0.0000000165	
1021100	0.0000000165	
920680	0.0000000165	
917990	0.0000000165	
915490	0.0000000165	
908940	0.0000000165	
901300	0.0000000165	
899290	0.0000000165	
899070	0.0000000165	
897350	0.0000000165	
897010	0.0000000165	
896780	0.0000000165	
895690	0.0000000165	
893990	0.0000000165	
893980	0.0000000165	
893840	0.0000000165	
892610	0.0000000165	
891720	0.0000000165	
890680	0.0000000165	
889610	0.0000000165	
889420	0.0000000165	
889160	0.0000000165	
888440	0.0000000165	
887980	0.0000000165	
886420	0.0000000165	
886260	0.0000000165	
885890	0.0000000165	
885490	0.0000000165	
885020	0.0000000165	
884620	0.0000000165	
882450	0.0000000165	
881450	0.0000000165	
877030	0.0000000165	
873420	0.0000000165	
873370	0.0000000165	
873320	0.0000000165	
872940	0.0000000165	
861490	0.0000000165	
861370	0.0000000165	
860500	0.0000000165	
859990	0.0000000165	
857630	0.0000000165	
855210	0.0000000165	
854970	0.0000000165	
854960	0.0000000165	Eduardo Almeida
854590	0.0000000165	
854380	0.0000000165	
854360	0.0000000165	
854200	0.0000000165	
850290	0.0000000165	
849950	0.0000000165	
849690	0.0000000165	
849170	0.0000000165	
847800	0.0000000165	
847310	0.0000000165	
843400	0.0000000165	
843390	0.0000000165	
840200	0.0000000165	
840030	0.0000000165	
839400	0.0000000165	
837100	0.0000000165	
836990	0.0000000165	
836930	0.0000000165	
836660	0.0000000165	
836590	0.0000000165	
836070	0.0000000165	
834860	0.0000000165	
832400	0.0000000165	
823920	0.0000000165	
823820	0.0000000165	
822610	0.0000000165	
820740	0.0000000165	
820600	0.0000000165	
819630	0.0000000165	
817680	0.0000000165	
817120	0.0000000165	
816610	0.0000000165	
816240	0.0000000165	
812420	0.0000000165	
812060	0.0000000165	
806230	0.0000000165	
802100	0.0000000165	
790840	0.0000000165	
790420	0.0000000165	
790400	0.0000000165	
790320	0.0000000165	
790190	0.0000000165	
790060	0.0000000165	
789950	0.0000000165	
789880	0.0000000165	
789570	0.0000000165	
783730	0.0000000165	
782920	0.0000000165	
782870	0.0000000165	
782790	0.0000000165	
782780	0.0000000165	
782770	0.0000000165	
782700	0.0000000165	David Bindel
782640	0.0000000165	
782610	0.0000000165	
781800	0.0000000165	
781660	0.0000000165	
781150	0.0000000165	
780980	0.0000000165	
780820	0.0000000165	
780440	0.0000000165	
779330	0.0000000165	
779170	0.0000000165	
778700	0.0000000165	
778680	0.0000000165	
778580	0.0000000165	
776170	0.0000000165	
770230	0.0000000165	
763780	0.0000000165	
760330	0.0000000165	Mohamed Cheriet
759550	0.0000000165	
755670	0.0000000165	
753920	0.0000000165	
746250	0.0000000165	
743460	0.0000000165	
743180	0.0000000165	
738920	0.0000000165	
735450	0.0000000165	
734420	0.0000000165	
734360	0.0000000165	
733960	0.0000000165	
733620	0.0000000165	
729840	0.0000000165	
726210	0.0000000165	
721340	0.0000000165	
721240	0.0000000165	
721130	0.0000000165	
720700	0.0000000165	
720420	0.0000000165	
718860	0.0000000165	
718780	0.0000000165	
718530	0.0000000165	
718210	0.0000000165	
716280	0.0000000165	
708600	0.0000000165	
708390	0.0000000165	
708280	0.0000000165	
708250	0.0000000165	
708170	0.0000000165	
707340	0.0000000165	
703280	0.0000000165	
703100	0.0000000165	
699220	0.0000000165	
698250	0.0000000165	
696850	0.0000000165	
696540	0.0000000165	
696290	0.0000000165	
695840	0.0000000165	
695750	0.0000000165	
695600	0.0000000165	
695420	0.0000000165	
695410	0.0000000165	
695230	0.0000000165	
694510	0.0000000165	
691320	0.0000000165	
688070	0.0000000165	
686200	0.0000000165	
683880	0.0000000165	
679020	0.0000000165	
676640	0.0000000165	
674310	0.0000000165	
672610	0.0000000165	
668840	0.0000000165	
666040	0.0000000165	
660050	0.0000000165	
656670	0.0000000165	
655680	0.0000000165	
653650	0.0000000165	
652160	0.0000000165	
648310	0.0000000165	
647450	0.0000000165	
642620	0.0000000165	
641940	0.0000000165	
637570	0.0000000165	
635110	0.0000000165	
635030	0.0000000165	
630010	0.0000000165	
626990	0.0000000165	
625390	0.0000000165	
623470	0.0000000165	
623380	0.0000000165	
620940	0.0000000165	
615210	0.0000000165	
614940	0.0000000165	Steven Lucco
614930	0.0000000165	
613500	0.0000000165	
612490	0.0000000165	
612230	0.0000000165	
609710	0.0000000165	
607890	0.0000000165	
602960	0.0000000165	
600400	0.0000000165	
598930	0.0000000165	
597090	0.0000000165	
594700	0.0000000165	
593710	0.0000000165	
593680	0.0000000165	
592840	0.0000000165	
590790	0.0000000165	
590780	0.0000000165	
589970	0.0000000165	
589710	0.0000000165	
583320	0.0000000165	
582510	0.0000000165	
581840	0.0000000165	
577120	0.0000000165	
576890	0.0000000165	Cyprian Ngolah
574580	0.0000000165	
571180	0.0000000165	
570710	0.0000000165	
570620	0.0000000165	
567480	0.0000000165	
562750	0.0000000165	
562740	0.0000000165	
561530	0.0000000165	
558090	0.0000000165	
557580	0.0000000165	
556210	0.0000000165	Victor Miller
551730	0.0000000165	
551670	0.0000000165	
550130	0.0000000165	
548830	0.0000000165	
546350	0.0000000165	
546310	0.0000000165	
545980	0.0000000165	
545200	0.0000000165	
545080	0.0000000165	
545050	0.0000000165	Hong-Yeop Song
544870	0.0000000165	
544820	0.0000000165	
544410	0.0000000165	
544310	0.0000000165	
544120	0.0000000165	
543980	0.0000000165	
543780	0.0000000165	
541180	0.0000000165	
539690	0.0000000165	
531020	0.0000000165	
530910	0.0000000165	
530780	0.0000000165	
529630	0.0000000165	T HEATH
529260	0.0000000165	
528810	0.0000000165	
520380	0.0000000165	
519880	0.0000000165	
507730	0.0000000165	
507160	0.0000000165	
507000	0.0000000165	
505170	0.0000000165	
503670	0.0000000165	
503240	0.0000000165	
496060	0.0000000165	
495330	0.0000000165	
494160	0.0000000165	
491220	0.0000000165	
487270	0.0000000165	
486530	0.0000000165	
483610	0.0000000165	
478620	0.0000000165	
478580	0.0000000165	
478570	0.0000000165	
475950	0.0000000165	
469340	0.0000000165	
469160	0.0000000165	
468360	0.0000000165	
465660	0.0000000165	
465640	0.0000000165	
465610	0.0000000165	
465400	0.0000000165	
465380	0.0000000165	
465290	0.0000000165	
462080	0.0000000165	
454650	0.0000000165	
445870	0.0000000165	
445850	0.0000000165	
445670	0.0000000165	
445650	0.0000000165	
445640	0.0000000165	
445620	0.0000000165	
445610	0.0000000165	
444290	0.0000000165	
439630	0.0000000165	
439490	0.0000000165	
437760	0.0000000165	
437440	0.0000000165	
434770	0.0000000165	
434530	0.0000000165	
434320	0.0000000165	Maria Marsico
434120	0.0000000165	
434100	0.0000000165	
434000	0.0000000165	
433930	0.0000000165	
433330	0.0000000165	
433100	0.0000000165	
432810	0.0000000165	
432720	0.0000000165	
432710	0.0000000165	
432540	0.0000000165	
430000	0.0000000165	
373670	0.0000000165	
355100	0.0000000165	
350040	0.0000000165	
343720	0.0000000165	
304630	0.0000000165	
277170	0.0000000165	
262900	0.0000000165	
260450	0.0000000165	
247710	0.0000000165	
242160	0.0000000165	
235420	0.0000000165	
204240	0.0000000165	
184120	0.0000000165	
180190	0.0000000165	
162920	0.0000000165	
159180	0.0000000165	
121820	0.0000000165	
80059	0.0000000165	
75435	0.0000000165	
74786	0.0000000165	
67481	0.0000000165	
55076	0.0000000165	
52061	0.0000000165	
46859	0.0000000165	
43182	0.0000000165	
21823	0.0000000165	
20948	0.0000000165	
14811	0.0000000165	
7263	0.0000000165	
0	0.0000000165	
381840	0.0000000164	
155350	0.0000000164	
35950	0.0000000163	Daniel Abadi
394560	0.0000000163	
531940	0.0000000163	
681800	0.0000000161	
288540	0.0000000160	
1062900	0.0000000160	
891130	0.0000000158	
1539900	0.0000000156	
1033200	0.0000000155	
452960	0.0000000155	
1658600	0.0000000153	
2965000	0.0000000147	
42667	0.0000000145	Robert Kauffman
150230	0.0000000144	
1524900	0.0000000144	
875130	0.0000000143	
119840	0.0000000142	
1504100	0.0000000141	
454440	0.0000000140	
563920	0.0000000140	Robert Briggs
1138000	0.0000000140	
